========
-A-
--------------
0.1 0.2 0.1 0.6 
0.6 0.2 0.1 0.1 
0.1 0.5 0.1 0.3 
0.1 0 0.3 0.6 
--------------
-B-
--------------
0.1 0.2 0.3 0.4 
0.7 0.1 0.1 0.1 
0.4 0.5 0.1 0 
0.1 0.1 0.7 0.1 
--------------
-Pi-
--------------
0.2 0.2 0.3 0.3 
--------------
Converge: True
Number of iterations 190
-A-
--------------
0.460496 0.192759 4.91908e-05 0.346696 
0.245608 0.736724 0.0176679 1.04844e-07 
0.384896 0.0712476 0.431638 0.112219 
0.0349727 0 0.321279 0.643748 
--------------
-B-
--------------
4.41395e-06 0.000429792 0.377336 0.62223 
0.708664 0.175938 0.084107 0.031291 
0.381724 0.59746 0.020816 0 
6.97912e-07 0.306889 0.364447 0.328663 
--------------
-Pi-
--------------
3.43605e-535 1 1.97234e-58 4.73451e-639 
--------------
========
