========
-A-
--------------
0.1 0.2 0.1 0.6 
0.6 0.2 0.1 0.1 
0.1 0.5 0.1 0.3 
0.1 0 0.3 0.6 
--------------
-B-
--------------
0.1 0.2 0.3 0.4 
0.7 0.1 0.1 0.1 
0.4 0.5 0.1 0 
0.1 0.1 0.7 0.1 
--------------
-Pi-
--------------
0.2 0.2 0.3 0.3 
--------------
Converge: True
Number of iterations 209
-A-
--------------
0.566875 0.0921054 0.0911901 0.24983 
0.270309 0.636113 0.0724238 0.0211534 
0.0561865 0.342412 0.232476 0.368926 
0.122717 0 0.187895 0.689388 
--------------
-B-
--------------
0.0602145 0.139333 0.15947 0.640982 
0.730599 0.166842 0.100258 0.00230196 
0.599144 0.271939 0.128917 0 
0.0334012 0.407256 0.325625 0.233718 
--------------
-Pi-
--------------
5.69056e-84 1.35686e-186 5.71261e-127 1 
--------------
========
